{
 "cells": [
  {
   "cell_type": "markdown",
   "metadata": {},
   "source": [
    "## Лабораторная работа №2\n",
    "##  Кривогузов Владислав\n",
    "### Вариант 5\n",
    "1. Написать программу, которая обращает матрицу методом Гаусса с выбором главного элемента по столбцу. Применить программу к следующим ниже входным данным и вывести результат.\n",
    "$$A=\\left(\n",
    "\\begin{array}{ccccccc}\n",
    " -1 & -4 & -5 & -1 & 0 & -1 & -1 \\\\\n",
    " -1 & -4 & 0 & 4 & -4 & 0 & -4 \\\\\n",
    " -2 & -8 & -5 & -1 & 0 & -4 & 0 \\\\\n",
    " -4 & -16 & -10 & 2 & -4 & -2 & 0 \\\\\n",
    " -8 & -32 & -20 & 4 & -8 & 0 & -2 \\\\\n",
    " -16 & -64 & -40 & 8 & -16 & -7 & -4 \\\\\n",
    " 5 & -5 & -5 & -2 & 0 & -2 & -1 \\\\\n",
    "\\end{array}\n",
    "\\right)$$\n",
    "$$A=\\left(\n",
    "\\begin{array}{cccccccccc}\n",
    " 1 & 1 & 1 & 1 & 1 & 1 & 1 & 1 & 1 & 1 \\\\\n",
    " 1 & 2 & 4 & 8 & 16 & 32 & 64 & 128 & 256 & 512 \\\\\n",
    " 1 & 3 & 9 & 27 & 81 & 243 & 729 & 2187 & 6561 & 19683 \\\\\n",
    " 1 & 4 & 16 & 64 & 256 & 1024 & 4096 & 16384 & 65536 & 262144 \\\\\n",
    " 1 & 5 & 25 & 125 & 625 & 3125 & 15625 & 78125 & 390625 & 1953125 \\\\\n",
    " 1 & 6 & 36 & 216 & 1296 & 7776 & 46656 & 279936 & 1679616 & 10077696 \\\\\n",
    " 1 & 7 & 49 & 343 & 2401 & 16807 & 117649 & 823543 & 5764801 & 40353607 \\\\\n",
    " 1 & 8 & 64 & 512 & 4096 & 32768 & 262144 & 2097152 & 16777216 & 134217728 \\\\\n",
    " 1 & 9 & 81 & 729 & 6561 & 59049 & 531441 & 4782969 & 43046721 & 387420489 \\\\\n",
    " 1 & 10 & 100 & 1000 & 10000 & 100000 & 1000000 & 10000000 & 100000000 & 1000000000 \\\\\n",
    "\\end{array}\n",
    "\\right)$$\n",
    "$$A=\\left(\n",
    "\\begin{array}{cccccccccc}\n",
    " 5 & 3 & 3 & -4 & 5 & -5 & -4 & -5 & 0 & 2 \\\\\n",
    " 5 & 3 & -1 & 2 & 3 & 0 & -4 & 1 & -4 & -5 \\\\\n",
    " 10 & 6 & 2 & -3 & -2 & -2 & -1 & 0 & -3 & -5 \\\\\n",
    " 20 & 12 & 4 & -5 & -1 & -4 & 4 & -2 & -2 & -4 \\\\\n",
    " 40 & 24 & 8 & -10 & 5 & -1 & 5 & 2 & 0 & -3 \\\\\n",
    " 80 & 48 & 16 & -20 & 10 & -12 & -3 & -3 & 3 & 2 \\\\\n",
    " 160 & 96 & 32 & -40 & 20 & -24 & -3 & -4 & 1 & 4 \\\\\n",
    " 320 & 192 & 64 & -80 & 40 & -48 & -6 & -11 & 0 & -3 \\\\\n",
    " 640 & 384 & 128 & -160 & 80 & -96 & -12 & -22 & -5 & 2 \\\\\n",
    " -3 & -3 & 0 & 0 & 5 & 3 & -2 & 2 & 5 & -2 \\\\\n",
    "\\end{array}\n",
    "\\right)$$\n",
    "\n",
    "Функция нахождения обратной матрицы с выбором главного элемента"
   ]
  },
  {
   "cell_type": "code",
   "execution_count": 1,
   "metadata": {},
   "outputs": [],
   "source": [
    "import sympy as sp\n",
    "import numpy as np\n",
    "sp.init_printing()\n",
    "\n",
    "def getInv(matrix):\n",
    "    a = matrix.astype(float)\n",
    "    n = matrix.shape[0]\n",
    "    r = np.eye(n);\n",
    "    #Прямой ход\n",
    "    for k in range(n - 1):        \n",
    "        #Нахожу главный элемент\n",
    "        x = k\n",
    "        for j in range(k + 1, n):\n",
    "            if abs(a[j, k]) > abs(a[x, k]):\n",
    "                x = j   \n",
    "        #Меняю местами строки\n",
    "        if x != k:\n",
    "            a[k], a[x] = a[x], a[k].copy()\n",
    "            r[k], r[x] = r[x], r[k].copy()        \n",
    "        #Вычитаю из последующих\n",
    "        for i in range(k + 1, n):            \n",
    "            a[i, k] /= a[k, k]\n",
    "            a[i, k+1:] -= a[i,k] * a[k, k+1:]            \n",
    "            r[i, :] -= a[i,k] * r[k, :]    \n",
    "    #Обратный ход     \n",
    "    for i in range(1,n+1):\n",
    "        r[n-i,:]*=1.0/a[n-i,n-i]       \n",
    "        a[n-i,n-i]=1\n",
    "        for k in range(n-i):\n",
    "            r[k,:]-=a[k,n-i]*r[n-i,:]\n",
    "            a[k,n-i]-=a[k,n-i]      \n",
    "    return r"
   ]
  },
  {
   "cell_type": "markdown",
   "metadata": {},
   "source": [
    "Первая матрица"
   ]
  },
  {
   "cell_type": "code",
   "execution_count": 2,
   "metadata": {},
   "outputs": [
    {
     "data": {
      "text/latex": [
       "$$\\left[\\begin{matrix}-1 & -4 & -5 & -1 & 0 & -1 & -1\\\\-1 & -4 & 0 & 4 & -4 & 0 & -4\\\\-2 & -8 & -5 & -1 & 0 & -4 & 0\\\\-4 & -16 & -10 & 2 & -4 & -2 & 0\\\\-8 & -32 & -20 & -4 & -8 & 0 & -2\\\\-16 & -64 & -40 & 8 & -16 & -7 & -4\\\\5 & -5 & -5 & -2 & 0 & -2 & -1\\end{matrix}\\right]$$"
      ],
      "text/plain": [
       "⎡-1   -4   -5   -1   0   -1  -1⎤\n",
       "⎢                              ⎥\n",
       "⎢-1   -4    0   4   -4   0   -4⎥\n",
       "⎢                              ⎥\n",
       "⎢-2   -8   -5   -1   0   -4  0 ⎥\n",
       "⎢                              ⎥\n",
       "⎢-4   -16  -10  2   -4   -2  0 ⎥\n",
       "⎢                              ⎥\n",
       "⎢-8   -32  -20  -4  -8   0   -2⎥\n",
       "⎢                              ⎥\n",
       "⎢-16  -64  -40  8   -16  -7  -4⎥\n",
       "⎢                              ⎥\n",
       "⎣ 5   -5   -5   -2   0   -2  -1⎦"
      ]
     },
     "execution_count": 2,
     "metadata": {},
     "output_type": "execute_result"
    }
   ],
   "source": [
    "A=[[-1,-4,-5,-1,0,-1,-1],\n",
    "   [-1,-4,0,4,-4,0,-4],\n",
    "   [-2,-8,-5,-1,0,-4,0],\n",
    "   [-4,-16,-10,2,-4,-2,0],\n",
    "   [-8,-32,-20,-4,-8,0,-2],\n",
    "   [-16,-64,-40,8,-16,-7,-4],\n",
    "   [5,-5,-5,-2,0,-2,-1]]\n",
    "sp.Matrix(A)"
   ]
  },
  {
   "cell_type": "code",
   "execution_count": 3,
   "metadata": {
    "scrolled": true
   },
   "outputs": [
    {
     "data": {
      "text/latex": [
       "$$\\left[\\begin{matrix}-0.148235294117647 & -0.0282352941176471 & -0.0682352941176471 & -0.072941176470589 & -0.02 & 0.0352941176470587 & 0.16\\\\0.448823529411765 & 0.168823529411765 & -0.0711764705882353 & 0.915294117647059 & 0.005 & -0.273529411764706 & -0.04\\\\-0.45 & -0.05 & 0.15 & -0.6 & 0.025 & 0.15 & 0.0\\\\-0.102941176470588 & -0.102941176470588 & -0.102941176470588 & -0.411764705882353 & -0.125 & 0.191176470588235 & 0.0\\\\-0.455882352941176 & -0.455882352941176 & 0.0441176470588235 & -2.07352941176471 & -0.125 & 0.632352941176471 & 0.0\\\\-0.235294117647059 & -0.235294117647059 & -0.235294117647059 & -0.941176470588235 & 0.0 & 0.294117647058824 & 0.0\\\\-0.0588235294117647 & -0.0588235294117647 & -0.0588235294117647 & 0.764705882352941 & 0.0 & -0.176470588235294 & 0.0\\end{matrix}\\right]$$"
      ],
      "text/plain": [
       "⎡-0.148235294117647   -0.0282352941176471  -0.0682352941176471  -0.07294117647\n",
       "⎢                                                                             \n",
       "⎢ 0.448823529411765    0.168823529411765   -0.0711764705882353  0.915294117647\n",
       "⎢                                                                             \n",
       "⎢       -0.45                -0.05                0.15                 -0.6   \n",
       "⎢                                                                             \n",
       "⎢-0.102941176470588   -0.102941176470588   -0.102941176470588   -0.41176470588\n",
       "⎢                                                                             \n",
       "⎢-0.455882352941176   -0.455882352941176   0.0441176470588235   -2.07352941176\n",
       "⎢                                                                             \n",
       "⎢-0.235294117647059   -0.235294117647059   -0.235294117647059   -0.94117647058\n",
       "⎢                                                                             \n",
       "⎣-0.0588235294117647  -0.0588235294117647  -0.0588235294117647  0.764705882352\n",
       "\n",
       "0589  -0.02   0.0352941176470587  0.16 ⎤\n",
       "                                       ⎥\n",
       "059   0.005   -0.273529411764706  -0.04⎥\n",
       "                                       ⎥\n",
       "      0.025          0.15          0.0 ⎥\n",
       "                                       ⎥\n",
       "2353  -0.125  0.191176470588235    0.0 ⎥\n",
       "                                       ⎥\n",
       "471   -0.125  0.632352941176471    0.0 ⎥\n",
       "                                       ⎥\n",
       "8235   0.0    0.294117647058824    0.0 ⎥\n",
       "                                       ⎥\n",
       "941    0.0    -0.176470588235294   0.0 ⎦"
      ]
     },
     "execution_count": 3,
     "metadata": {},
     "output_type": "execute_result"
    }
   ],
   "source": [
    "A1=sp.Matrix(getInv(np.matrix(A))) #Моя функция\n",
    "A1"
   ]
  },
  {
   "cell_type": "code",
   "execution_count": 4,
   "metadata": {},
   "outputs": [
    {
     "data": {
      "text/latex": [
       "$$\\left[\\begin{matrix}- \\frac{63}{425} & - \\frac{12}{425} & - \\frac{29}{425} & - \\frac{31}{425} & - \\frac{1}{50} & \\frac{3}{85} & \\frac{4}{25}\\\\\\frac{763}{1700} & \\frac{287}{1700} & - \\frac{121}{1700} & \\frac{389}{425} & \\frac{1}{200} & - \\frac{93}{340} & - \\frac{1}{25}\\\\- \\frac{9}{20} & - \\frac{1}{20} & \\frac{3}{20} & - \\frac{3}{5} & \\frac{1}{40} & \\frac{3}{20} & 0\\\\- \\frac{7}{68} & - \\frac{7}{68} & - \\frac{7}{68} & - \\frac{7}{17} & - \\frac{1}{8} & \\frac{13}{68} & 0\\\\- \\frac{31}{68} & - \\frac{31}{68} & \\frac{3}{68} & - \\frac{141}{68} & - \\frac{1}{8} & \\frac{43}{68} & 0\\\\- \\frac{4}{17} & - \\frac{4}{17} & - \\frac{4}{17} & - \\frac{16}{17} & 0 & \\frac{5}{17} & 0\\\\- \\frac{1}{17} & - \\frac{1}{17} & - \\frac{1}{17} & \\frac{13}{17} & 0 & - \\frac{3}{17} & 0\\end{matrix}\\right]$$"
      ],
      "text/plain": [
       "⎡-63    -12    -29    -31                       ⎤\n",
       "⎢────   ────   ────   ────   -1/50  3/85   4/25 ⎥\n",
       "⎢425    425    425    425                       ⎥\n",
       "⎢                                               ⎥\n",
       "⎢763    287    -121    389          -93         ⎥\n",
       "⎢────   ────   ─────   ───   1/200  ────   -1/25⎥\n",
       "⎢1700   1700    1700   425          340         ⎥\n",
       "⎢                                               ⎥\n",
       "⎢-9/20  -1/20  3/20   -3/5   1/40   3/20     0  ⎥\n",
       "⎢                                               ⎥\n",
       "⎢                                    13         ⎥\n",
       "⎢-7/68  -7/68  -7/68  -7/17  -1/8    ──      0  ⎥\n",
       "⎢                                    68         ⎥\n",
       "⎢                                               ⎥\n",
       "⎢-31    -31           -141           43         ⎥\n",
       "⎢────   ────   3/68   ─────  -1/8    ──      0  ⎥\n",
       "⎢ 68     68             68           68         ⎥\n",
       "⎢                                               ⎥\n",
       "⎢                     -16                       ⎥\n",
       "⎢-4/17  -4/17  -4/17  ────     0    5/17     0  ⎥\n",
       "⎢                      17                       ⎥\n",
       "⎢                                               ⎥\n",
       "⎢                      13                       ⎥\n",
       "⎢-1/17  -1/17  -1/17   ──      0    -3/17    0  ⎥\n",
       "⎣                      17                       ⎦"
      ]
     },
     "execution_count": 4,
     "metadata": {},
     "output_type": "execute_result"
    }
   ],
   "source": [
    "A2=sp.Matrix(A).inv() #Точная обратная\n",
    "A2"
   ]
  },
  {
   "cell_type": "markdown",
   "metadata": {},
   "source": [
    "Вторая матрица"
   ]
  },
  {
   "cell_type": "code",
   "execution_count": 5,
   "metadata": {},
   "outputs": [
    {
     "data": {
      "text/latex": [
       "$$\\left[\\begin{matrix}1 & 1 & 1 & 1 & 1 & 1 & 1 & 1 & 1 & 1\\\\1 & 2 & 4 & 8 & 16 & 32 & 64 & 128 & 256 & 512\\\\1 & 3 & 9 & 27 & 81 & 243 & 729 & 2187 & 6561 & 19683\\\\1 & 4 & 16 & 64 & 256 & 1024 & 4096 & 16384 & 65536 & 262144\\\\1 & 5 & 25 & 125 & 625 & 3125 & 15625 & 78125 & 390625 & 1953125\\\\1 & 6 & 36 & 216 & 1296 & 7776 & 46656 & 279936 & 1679616 & 10077696\\\\1 & 7 & 49 & 343 & 2401 & 16807 & 117649 & 823543 & 5764801 & 40353607\\\\1 & 8 & 64 & 512 & 4096 & 32768 & 262144 & 2097152 & 16777216 & 134217728\\\\1 & 9 & 81 & 729 & 6561 & 59049 & 531441 & 4782969 & 43046721 & 387420489\\\\1 & 10 & 100 & 1000 & 10000 & 100000 & 1000000 & 10000000 & 100000000 & 1000000000\\end{matrix}\\right]$$"
      ],
      "text/plain": [
       "⎡1  1    1    1      1      1        1        1          1          1     ⎤\n",
       "⎢                                                                         ⎥\n",
       "⎢1  2    4    8     16      32      64       128        256        512    ⎥\n",
       "⎢                                                                         ⎥\n",
       "⎢1  3    9    27    81     243      729      2187      6561       19683   ⎥\n",
       "⎢                                                                         ⎥\n",
       "⎢1  4   16    64    256    1024    4096     16384      65536      262144  ⎥\n",
       "⎢                                                                         ⎥\n",
       "⎢1  5   25   125    625    3125    15625    78125     390625     1953125  ⎥\n",
       "⎢                                                                         ⎥\n",
       "⎢1  6   36   216   1296    7776    46656    279936    1679616    10077696 ⎥\n",
       "⎢                                                                         ⎥\n",
       "⎢1  7   49   343   2401   16807   117649    823543    5764801    40353607 ⎥\n",
       "⎢                                                                         ⎥\n",
       "⎢1  8   64   512   4096   32768   262144   2097152   16777216   134217728 ⎥\n",
       "⎢                                                                         ⎥\n",
       "⎢1  9   81   729   6561   59049   531441   4782969   43046721   387420489 ⎥\n",
       "⎢                                                                         ⎥\n",
       "⎣1  10  100  1000  10000  100000  1000000  10000000  100000000  1000000000⎦"
      ]
     },
     "execution_count": 5,
     "metadata": {},
     "output_type": "execute_result"
    }
   ],
   "source": [
    "B=np.matrix([[(i + 1) ** j for j in range(10)] for i in range(10)])\n",
    "sp.Matrix(B)"
   ]
  },
  {
   "cell_type": "code",
   "execution_count": 6,
   "metadata": {},
   "outputs": [
    {
     "data": {
      "text/latex": [
       "$$\\left[\\begin{matrix}9.99999999998474 & -44.9999999999753 & 120.000000000232 & -210.000000001421 & 252.000000002574 & -210.000000003662 & 120.000000002759 & -45.000000001344 & 10.0000000003454 & -1.00000000004144\\\\-19.2896825396614 & 109.303571428661 & -311.47619047741 & 562.583333338107 & -687.700000008743 & 580.083333344309 & -334.333333341491 & 126.178571432423 & -28.1785714295724 & 2.82896825408615\\\\15.8557539682579 & -103.502678571731 & 317.91984127191 & -597.408333339842 & 748.125000011644 & -641.373611124523 & 373.983333343118 & -142.382142861638 & 32.0144841281555 & -3.23164682553228\\\\-7.31857363317568 & 52.5331349209368 & -172.118650795296 & 337.308796300975 & -434.368055563561 & 379.765277786602 & -224.665740747046 & 86.4867063520484 & -19.6171626991479 & 1.99426807768524\\\\2.09756944445664 & -16.1060763890383 & 55.6208333340609 & -113.4118055575 & 150.413194447653 & -134.444791670108 & 80.8986111135247 & -31.5618055566281 & 7.2364583336082 & -0.742187500031045\\\\-0.388252314818664 & 3.13315972226416 & -11.2895833335248 & 23.8493055560467 & -32.5600694452335 & 29.7947916674962 & -18.27291666724 & 7.24097222247418 & -1.68177083339736 & 0.174363425933106\\\\0.0465277777784621 & -0.389930555562547 & 1.4541666666973 & -3.16805555563199 & 4.44444444456483 & -4.16458333345802 & 2.60694444452963 & -1.05138888892599 & 0.247916666676028 & -0.0260416666677104\\\\-0.00348875661382649 & 0.0301091269848129 & -0.115476190479114 & 0.258333333340482 & -0.371527777788869 & 0.356250000011356 & -0.227777777785467 & 0.0936507936541181 & -0.0224702380960721 & 0.00239748677257932\\\\0.000148809523813351 & -0.00131448412702069 & 0.00515873015888296 & -0.0118055555559236 & 0.0173611111116756 & -0.0170138888894617 & 0.0111111111114961 & -0.0046626984128639 & 0.00114087301591433 & -0.000124007936512503\\\\-2.75573192248574 \\cdot 10^{-6} & 2.4801587302404 \\cdot 10^{-5} & -9.92063492097126 \\cdot 10^{-5} & 0.000231481481489491 & -0.000347222222234396 & 0.000347222222234484 & -0.000231481481489675 & 9.92063492098544 \\cdot 10^{-5} & -2.48015873024589 \\cdot 10^{-5} & 2.75573192249461 \\cdot 10^{-6}\\end{matrix}\\right]$$"
      ],
      "text/plain": [
       "⎡  9.99999999998474     -44.9999999999753      120.000000000232     -210.00000\n",
       "⎢                                                                             \n",
       "⎢ -19.2896825396614      109.303571428661      -311.47619047741      562.58333\n",
       "⎢                                                                             \n",
       "⎢  15.8557539682579     -103.502678571731      317.91984127191      -597.40833\n",
       "⎢                                                                             \n",
       "⎢ -7.31857363317568      52.5331349209368     -172.118650795296      337.30879\n",
       "⎢                                                                             \n",
       "⎢  2.09756944445664     -16.1060763890383      55.6208333340609      -113.4118\n",
       "⎢                                                                             \n",
       "⎢ -0.388252314818664     3.13315972226416     -11.2895833335248      23.849305\n",
       "⎢                                                                             \n",
       "⎢ 0.0465277777784621    -0.389930555562547     1.4541666666973      -3.1680555\n",
       "⎢                                                                             \n",
       "⎢-0.00348875661382649   0.0301091269848129    -0.115476190479114    0.25833333\n",
       "⎢                                                                             \n",
       "⎢0.000148809523813351  -0.00131448412702069  0.00515873015888296   -0.01180555\n",
       "⎢                                                                             \n",
       "⎣-2.75573192248574e-6   2.4801587302404e-5   -9.92063492097126e-5  0.000231481\n",
       "\n",
       "0001421      252.000000002574      -210.000000003662      120.000000002759    \n",
       "                                                                              \n",
       "3338107      -687.700000008743      580.083333344309      -334.333333341491   \n",
       "                                                                              \n",
       "3339842      748.125000011644      -641.373611124523      373.983333343118    \n",
       "                                                                              \n",
       "6300975      -434.368055563561      379.765277786602      -224.665740747046   \n",
       "                                                                              \n",
       "055575       150.413194447653      -134.444791670108      80.8986111135247    \n",
       "                                                                              \n",
       "5560467      -32.5600694452335      29.7947916674962       -18.27291666724    \n",
       "                                                                              \n",
       "5563199      4.44444444456483      -4.16458333345802      2.60694444452963    \n",
       "                                                                              \n",
       "3340482     -0.371527777788869     0.356250000011356     -0.227777777785467   \n",
       "                                                                              \n",
       "55559236    0.0173611111116756    -0.0170138888894617    0.0111111111114961   \n",
       "                                                                              \n",
       "481489491  -0.000347222222234396  0.000347222222234484  -0.000231481481489675 \n",
       "\n",
       "  -45.000000001344      10.0000000003454      -1.00000000004144  ⎤\n",
       "                                                                 ⎥\n",
       "  126.178571432423     -28.1785714295724      2.82896825408615   ⎥\n",
       "                                                                 ⎥\n",
       "  -142.382142861638     32.0144841281555      -3.23164682553228  ⎥\n",
       "                                                                 ⎥\n",
       "  86.4867063520484     -19.6171626991479      1.99426807768524   ⎥\n",
       "                                                                 ⎥\n",
       "  -31.5618055566281     7.2364583336082      -0.742187500031045  ⎥\n",
       "                                                                 ⎥\n",
       "  7.24097222247418     -1.68177083339736      0.174363425933106  ⎥\n",
       "                                                                 ⎥\n",
       "  -1.05138888892599    0.247916666676028     -0.0260416666677104 ⎥\n",
       "                                                                 ⎥\n",
       " 0.0936507936541181   -0.0224702380960721    0.00239748677257932 ⎥\n",
       "                                                                 ⎥\n",
       " -0.0046626984128639  0.00114087301591433   -0.000124007936512503⎥\n",
       "                                                                 ⎥\n",
       " 9.92063492098544e-5  -2.48015873024589e-5   2.75573192249461e-6 ⎦"
      ]
     },
     "execution_count": 6,
     "metadata": {},
     "output_type": "execute_result"
    }
   ],
   "source": [
    "B1=sp.Matrix(getInv(B)) #Моя функция\n",
    "B1"
   ]
  },
  {
   "cell_type": "code",
   "execution_count": 7,
   "metadata": {},
   "outputs": [
    {
     "data": {
      "text/latex": [
       "$$\\left[\\begin{matrix}10 & -45 & 120 & -210 & 252 & -210 & 120 & -45 & 10 & -1\\\\- \\frac{4861}{252} & \\frac{6121}{56} & - \\frac{6541}{21} & \\frac{6751}{12} & - \\frac{6877}{10} & \\frac{6961}{12} & - \\frac{1003}{3} & \\frac{3533}{28} & - \\frac{789}{28} & \\frac{7129}{2520}\\\\\\frac{79913}{5040} & - \\frac{115923}{1120} & \\frac{400579}{1260} & - \\frac{71689}{120} & \\frac{5985}{8} & - \\frac{461789}{720} & \\frac{22439}{60} & - \\frac{39867}{280} & \\frac{161353}{5040} & - \\frac{6515}{2016}\\\\- \\frac{663941}{90720} & \\frac{264767}{5040} & - \\frac{433739}{2520} & \\frac{728587}{2160} & - \\frac{62549}{144} & \\frac{273431}{720} & - \\frac{242639}{1080} & \\frac{435893}{5040} & - \\frac{197741}{10080} & \\frac{4523}{2268}\\\\\\frac{6041}{2880} & - \\frac{92771}{5760} & \\frac{13349}{240} & - \\frac{163313}{1440} & \\frac{43319}{288} & - \\frac{129067}{960} & \\frac{58247}{720} & - \\frac{45449}{1440} & \\frac{6947}{960} & - \\frac{95}{128}\\\\- \\frac{6709}{17280} & \\frac{18047}{5760} & - \\frac{5419}{480} & \\frac{34343}{1440} & - \\frac{93773}{2880} & \\frac{28603}{960} & - \\frac{8771}{480} & \\frac{10427}{1440} & - \\frac{3229}{1920} & \\frac{3013}{17280}\\\\\\frac{67}{1440} & - \\frac{1123}{2880} & \\frac{349}{240} & - \\frac{2281}{720} & \\frac{40}{9} & - \\frac{1999}{480} & \\frac{1877}{720} & - \\frac{757}{720} & \\frac{119}{480} & - \\frac{5}{192}\\\\- \\frac{211}{60480} & \\frac{607}{20160} & - \\frac{97}{840} & \\frac{31}{120} & - \\frac{107}{288} & \\frac{57}{160} & - \\frac{41}{180} & \\frac{59}{630} & - \\frac{151}{6720} & \\frac{29}{12096}\\\\\\frac{1}{6720} & - \\frac{53}{40320} & \\frac{13}{2520} & - \\frac{17}{1440} & \\frac{5}{288} & - \\frac{49}{2880} & \\frac{1}{90} & - \\frac{47}{10080} & \\frac{23}{20160} & - \\frac{1}{8064}\\\\- \\frac{1}{362880} & \\frac{1}{40320} & - \\frac{1}{10080} & \\frac{1}{4320} & - \\frac{1}{2880} & \\frac{1}{2880} & - \\frac{1}{4320} & \\frac{1}{10080} & - \\frac{1}{40320} & \\frac{1}{362880}\\end{matrix}\\right]$$"
      ],
      "text/plain": [
       "⎡   10        -45       120       -210      252      -210      120       -45  \n",
       "⎢                                                                             \n",
       "⎢ -4861       6121     -6541      6751    -6877      6961               3533  \n",
       "⎢ ──────      ────     ──────     ────    ──────     ────    -1003/3    ────  \n",
       "⎢  252         56        21        12       10        12                 28   \n",
       "⎢                                                                             \n",
       "⎢  79913    -115923    400579   -71689             -461789    22439    -39867 \n",
       "⎢  ─────    ────────   ──────   ───────   5985/8   ────────   ─────    ───────\n",
       "⎢   5040      1120      1260      120                720        60       280  \n",
       "⎢                                                                             \n",
       "⎢-663941     264767   -433739    728587   -62549    273431   -242639   435893 \n",
       "⎢────────    ──────   ────────   ──────   ───────   ──────   ────────  ────── \n",
       "⎢ 90720       5040      2520      2160      144      720       1080     5040  \n",
       "⎢                                                                             \n",
       "⎢  6041     -92771     13349    -163313    43319   -129067    58247    -45449 \n",
       "⎢  ────     ───────    ─────    ────────   ─────   ────────   ─────    ───────\n",
       "⎢  2880       5760      240       1440      288      960       720       1440 \n",
       "⎢                                                                             \n",
       "⎢ -6709      18047     -5419     34343    -93773    28603     -8771     10427 \n",
       "⎢ ──────     ─────     ──────    ─────    ───────   ─────     ──────    ───── \n",
       "⎢ 17280       5760      480       1440      2880     960       480       1440 \n",
       "⎢                                                                             \n",
       "⎢   67       -1123      349      -2281              -1999      1877     -757  \n",
       "⎢  ────      ──────     ───      ──────    40/9     ──────     ────     ───── \n",
       "⎢  1440       2880      240       720                480       720       720  \n",
       "⎢                                                                             \n",
       "⎢  -211       607       -97        31      -107       57       -41        59  \n",
       "⎢  ─────     ─────      ────      ───      ─────     ───       ────      ───  \n",
       "⎢  60480     20160      840       120       288      160       180       630  \n",
       "⎢                                                                             \n",
       "⎢             -53        13       -17                -49                 -47  \n",
       "⎢ 1/6720     ─────      ────      ────     5/288     ────      1/90     ───── \n",
       "⎢            40320      2520      1440               2880               10080 \n",
       "⎢                                                                             \n",
       "⎣-1/362880  1/40320   -1/10080   1/4320   -1/2880   1/2880   -1/4320   1/10080\n",
       "\n",
       "     10        -1   ⎤\n",
       "                    ⎥\n",
       "   -789       7129  ⎥\n",
       "   ─────      ────  ⎥\n",
       "     28       2520  ⎥\n",
       "                    ⎥\n",
       "   161353    -6515  ⎥\n",
       "   ──────    ────── ⎥\n",
       "    5040      2016  ⎥\n",
       "                    ⎥\n",
       "  -197741     4523  ⎥\n",
       "  ────────    ────  ⎥\n",
       "   10080      2268  ⎥\n",
       "                    ⎥\n",
       "    6947      -95   ⎥\n",
       "    ────      ────  ⎥\n",
       "    960       128   ⎥\n",
       "                    ⎥\n",
       "   -3229      3013  ⎥\n",
       "   ──────    ─────  ⎥\n",
       "    1920     17280  ⎥\n",
       "                    ⎥\n",
       "    119             ⎥\n",
       "    ───      -5/192 ⎥\n",
       "    480             ⎥\n",
       "                    ⎥\n",
       "   -151        29   ⎥\n",
       "   ─────     ─────  ⎥\n",
       "    6720     12096  ⎥\n",
       "                    ⎥\n",
       "     23             ⎥\n",
       "   ─────    -1/8064 ⎥\n",
       "   20160            ⎥\n",
       "                    ⎥\n",
       "  -1/40320  1/362880⎦"
      ]
     },
     "execution_count": 7,
     "metadata": {},
     "output_type": "execute_result"
    }
   ],
   "source": [
    "B2=sp.Matrix(B).inv()\n",
    "B2"
   ]
  },
  {
   "cell_type": "markdown",
   "metadata": {},
   "source": [
    "Матрица №3"
   ]
  },
  {
   "cell_type": "code",
   "execution_count": 8,
   "metadata": {},
   "outputs": [
    {
     "data": {
      "text/latex": [
       "$$\\left[\\begin{matrix}5 & 3 & 3 & -4 & 5 & -5 & -4 & -5 & 0 & 2\\\\5 & 3 & -1 & 2 & 3 & 0 & -4 & 1 & -4 & -5\\\\10 & 6 & 2 & -3 & -2 & -2 & -1 & 0 & -3 & -5\\\\20 & 12 & 4 & -5 & -1 & -4 & 4 & -2 & -2 & -4\\\\40 & 24 & 8 & -10 & 5 & -1 & 5 & 2 & 0 & -3\\\\80 & 48 & 16 & -20 & 10 & -12 & -3 & -3 & 3 & 2\\\\160 & 96 & 32 & -40 & 20 & -24 & -3 & -4 & 1 & 4\\\\320 & 192 & 64 & -80 & 40 & -48 & -6 & -11 & 0 & -3\\\\640 & 384 & 128 & -160 & 80 & -96 & -12 & -22 & -5 & 2\\\\-3 & -3 & 0 & 0 & 5 & 3 & -2 & 2 & 5 & -2\\end{matrix}\\right]$$"
      ],
      "text/plain": [
       "⎡ 5    3    3    -4   5   -5   -4   -5   0   2 ⎤\n",
       "⎢                                              ⎥\n",
       "⎢ 5    3   -1    2    3    0   -4    1   -4  -5⎥\n",
       "⎢                                              ⎥\n",
       "⎢10    6    2    -3   -2  -2   -1    0   -3  -5⎥\n",
       "⎢                                              ⎥\n",
       "⎢20   12    4    -5   -1  -4    4   -2   -2  -4⎥\n",
       "⎢                                              ⎥\n",
       "⎢40   24    8   -10   5   -1    5    2   0   -3⎥\n",
       "⎢                                              ⎥\n",
       "⎢80   48   16   -20   10  -12  -3   -3   3   2 ⎥\n",
       "⎢                                              ⎥\n",
       "⎢160  96   32   -40   20  -24  -3   -4   1   4 ⎥\n",
       "⎢                                              ⎥\n",
       "⎢320  192  64   -80   40  -48  -6   -11  0   -3⎥\n",
       "⎢                                              ⎥\n",
       "⎢640  384  128  -160  80  -96  -12  -22  -5  2 ⎥\n",
       "⎢                                              ⎥\n",
       "⎣-3   -3    0    0    5    3   -2    2   5   -2⎦"
      ]
     },
     "execution_count": 8,
     "metadata": {},
     "output_type": "execute_result"
    }
   ],
   "source": [
    "C=  [[5 , 3 , 3 , -4 , 5 , -5 , -4 , -5 , 0 , 2 ],\n",
    "    [ 5 , 3 , -1 , 2 , 3 , 0 , -4 , 1 , -4 , -5 ],\n",
    "    [10 , 6 , 2 , -3 , -2 , -2 , -1 , 0 , -3 , -5 ],\n",
    "    [20 , 12 , 4 , -5 , -1 , -4 , 4 , -2 , -2 , -4 ],\n",
    "    [40 , 24 , 8 , -10 , 5 , -1 , 5 , 2 , 0 , -3 ],\n",
    "    [80 , 48 , 16 , -20 , 10 , -12 , -3 , -3 , 3 , 2 ],\n",
    "    [160 , 96 , 32 , -40 , 20 , -24 , -3 , -4 , 1 , 4 ],\n",
    "    [320 , 192 , 64 , -80 , 40 , -48 , -6 , -11 , 0 , -3 ],\n",
    "    [640 , 384 , 128 , -160 , 80 , -96 , -12 , -22 , -5 , 2 ],\n",
    "    [-3 , -3 , 0 , 0 , 5 , 3 , -2 , 2 , 5 , -2]]\n",
    "sp.Matrix(C)"
   ]
  },
  {
   "cell_type": "code",
   "execution_count": 9,
   "metadata": {},
   "outputs": [
    {
     "data": {
      "text/latex": [
       "$$\\left[\\begin{matrix}-0.674821428571429 & -0.424821428571429 & -0.299821428571429 & -0.049821428571429 & -0.774821428571429 & -0.787321428571427 & -0.812321428571428 & -0.072321428571428 & 0.404821428571428 & 0.5\\\\0.306748866213153 & 0.0567488662131521 & -0.0682511337868474 & -0.794441609977324 & 0.511510770975057 & -0.123608276643992 & 0.145836167800453 & 1.06234410430839 & -0.56500283446712 & -0.833333333333333\\\\10.1690192743764 & 9.66901927437641 & 6.91901927437642 & 12.8475907029478 & 10.4547335600907 & 22.1392573696145 & 15.0003684807256 & -14.186933106576 & -0.742035147392289 & 0.0\\\\5.74986394557823 & 5.74986394557823 & 3.74986394557823 & 7.60700680272109 & 5.9212925170068 & 12.9070068027211 & 8.64034013605442 & -8.2187074829932 & -0.420340136054421 & 0.0\\\\-0.564240362811791 & -0.564240362811791 & -0.564240362811791 & -0.849954648526077 & -0.621383219954648 & -1.61662131519274 & -0.861065759637188 & 1.02528344671202 & -0.0122675736961452 & 0.0\\\\0.212539682539683 & 0.212539682539683 & 0.212539682539683 & 0.212539682539683 & 0.412539682539683 & 0.979206349206349 & -0.10968253968254 & -0.634126984126984 & 0.183015873015873 & 0.0\\\\-0.415873015873016 & -0.415873015873016 & -0.415873015873016 & -0.415873015873016 & -0.415873015873016 & -1.08253968253968 & -0.526984126984127 & 0.650793650793651 & -0.0063492063492064 & 0.0\\\\0.338095238095238 & 0.338095238095238 & 0.338095238095238 & 0.338095238095238 & 0.338095238095238 & 0.338095238095238 & 1.0047619047619 & -0.261904761904762 & -0.204761904761905 & 0.0\\\\-0.114285714285714 & -0.114285714285714 & -0.114285714285714 & -0.114285714285714 & -0.114285714285714 & -0.114285714285714 & -0.114285714285714 & 0.285714285714286 & -0.0857142857142857 & 0.0\\\\-0.0714285714285714 & -0.0714285714285714 & -0.0714285714285714 & -0.0714285714285714 & -0.0714285714285714 & -0.0714285714285714 & -0.0714285714285714 & -0.0714285714285714 & 0.0714285714285714 & 0.0\\end{matrix}\\right]$$"
      ],
      "text/plain": [
       "⎡-0.674821428571429   -0.424821428571429   -0.299821428571429   -0.04982142857\n",
       "⎢                                                                             \n",
       "⎢ 0.306748866213153   0.0567488662131521   -0.0682511337868474  -0.79444160997\n",
       "⎢                                                                             \n",
       "⎢ 10.1690192743764     9.66901927437641     6.91901927437642     12.8475907029\n",
       "⎢                                                                             \n",
       "⎢ 5.74986394557823     5.74986394557823     3.74986394557823     7.60700680272\n",
       "⎢                                                                             \n",
       "⎢-0.564240362811791   -0.564240362811791   -0.564240362811791   -0.84995464852\n",
       "⎢                                                                             \n",
       "⎢ 0.212539682539683    0.212539682539683    0.212539682539683    0.21253968253\n",
       "⎢                                                                             \n",
       "⎢-0.415873015873016   -0.415873015873016   -0.415873015873016   -0.41587301587\n",
       "⎢                                                                             \n",
       "⎢ 0.338095238095238    0.338095238095238    0.338095238095238    0.33809523809\n",
       "⎢                                                                             \n",
       "⎢-0.114285714285714   -0.114285714285714   -0.114285714285714   -0.11428571428\n",
       "⎢                                                                             \n",
       "⎣-0.0714285714285714  -0.0714285714285714  -0.0714285714285714  -0.07142857142\n",
       "\n",
       "1429   -0.774821428571429   -0.787321428571427   -0.812321428571428   -0.07232\n",
       "                                                                              \n",
       "7324    0.511510770975057   -0.123608276643992    0.145836167800453    1.06234\n",
       "                                                                              \n",
       "478     10.4547335600907     22.1392573696145     15.0003684807256     -14.186\n",
       "                                                                              \n",
       "109      5.9212925170068     12.9070068027211     8.64034013605442     -8.2187\n",
       "                                                                              \n",
       "6077   -0.621383219954648    -1.61662131519274   -0.861065759637188    1.02528\n",
       "                                                                              \n",
       "9683    0.412539682539683    0.979206349206349    -0.10968253968254   -0.63412\n",
       "                                                                              \n",
       "3016   -0.415873015873016    -1.08253968253968   -0.526984126984127    0.65079\n",
       "                                                                              \n",
       "5238    0.338095238095238    0.338095238095238     1.0047619047619    -0.26190\n",
       "                                                                              \n",
       "5714   -0.114285714285714   -0.114285714285714   -0.114285714285714    0.28571\n",
       "                                                                              \n",
       "85714  -0.0714285714285714  -0.0714285714285714  -0.0714285714285714  -0.07142\n",
       "\n",
       "1428571428    0.404821428571428          0.5        ⎤\n",
       "                                                    ⎥\n",
       "410430839     -0.56500283446712   -0.833333333333333⎥\n",
       "                                                    ⎥\n",
       "933106576    -0.742035147392289          0.0        ⎥\n",
       "                                                    ⎥\n",
       "074829932    -0.420340136054421          0.0        ⎥\n",
       "                                                    ⎥\n",
       "344671202    -0.0122675736961452         0.0        ⎥\n",
       "                                                    ⎥\n",
       "6984126984    0.183015873015873          0.0        ⎥\n",
       "                                                    ⎥\n",
       "3650793651   -0.0063492063492064         0.0        ⎥\n",
       "                                                    ⎥\n",
       "4761904762   -0.204761904761905          0.0        ⎥\n",
       "                                                    ⎥\n",
       "4285714286   -0.0857142857142857         0.0        ⎥\n",
       "                                                    ⎥\n",
       "85714285714  0.0714285714285714          0.0        ⎦"
      ]
     },
     "execution_count": 9,
     "metadata": {},
     "output_type": "execute_result"
    }
   ],
   "source": [
    "C1=sp.Matrix(getInv(np.matrix(C)))\n",
    "C1"
   ]
  },
  {
   "cell_type": "code",
   "execution_count": 10,
   "metadata": {},
   "outputs": [
    {
     "data": {
      "text/latex": [
